%YAML:1.0
cameraMatrix: !!opencv-matrix
   rows: 3
   cols: 3
   dt: d
   data: [ 7.9597400432752875e+02, 0., 3.1155270705032291e+02, 0.,
       7.9303328002171793e+02, 2.2690323694667791e+02, 0., 0., 1. ]
distCoeffs: !!opencv-matrix
   rows: 1
   cols: 5
   dt: d
   data: [ -1.9976960757487405e-01, 1.5900610312921228e+00,
       4.5711770031555193e-03, -3.3116388818213711e-03,
       -4.5242685780084990e+00 ]
